155392497 155347563 54484.0
155347563 155392497 54484.0
155347563 155356150 26945.0
155347563 154841150 29265.0
154766929 154766950 949.0
154766929 154766950 966.0
154766950 154763442 11669.0
154833326 946821908 9126.0
946821908 946821532 975.0
946821908 155873362 467.0
155229680 3411750149 49.0
155229680 155397660 1264.0
3411750149 3411750156 51.0
3411750149 8680019607 37.0
155397660 155319470 211.0
155397660 8680019589 115.0
155397660 1358764547 306.0
155242131 1355914883 52.0
1355914883 1355914647 75.0
155244888 155244894 325.0
155244888 478592076 536.0
155244894 946332678 887.0
478592076 155246272 464.0
946332678 946332745 337.0
946332678 946332513 776.0
155246272 155282107 168.0
155282107 946332601 541.0
155282107 946332804 576.0
155246280 3411750646 42.0
3411750646 155246272 252.0
155247712 1355914685 33.0
155247712 1355914838 104.0
1355914685 155247712 33.0
1355914685 155277161 11841.0
1355914838 1355914773 61.0
1355914838 155349907 1482.0
1355914838 155247712 104.0
155257061 944736439 5538.0
944736439 944736291 324.0
944736439 944736471 334.0
155257111 6063536016 421.0
155257111 155257061 414.0
6063536016 155257078 30.0
6063536016 6063536012 43.0
155258444 946332686 7148.0
946332686 946332500 804.0
946332686 946332500 818.0
155260672 155285729 387.0
155285729 946640511 1156.0
155263530 946397389 204.0
155263530 946397334 294.0
946397389 639144661 137.0
946397389 946397362 112.0
946397334 946397312 782.0
946397334 155229680 358.0
155271345 469429734 575.0
155271345 469433235 218.0
469429734 469429740 57.0
469433235 155322825 1382.0
155274107 944736432 229.0
944736432 944736322 5961.0
155277161 155859749 15217.0
155277161 1355914685 11841.0
155277161 1906542329 4993.0
155859749 9611789850 2422.0
155859749 7081637811 22556.0
155859749 155277161 15217.0
1906542329 1906542331 24.0
1906542329 155277161 4993.0
155278102 155285729 1417.0
155278474 155322789 387.0
155322789 155390528 401.0
155322789 656916426 2990.0
155279369 8686621018 4786.0
155279369 714545454 181.0
8686621018 8686615511 111.0
8686621018 8686615511 79.0
8686621018 155279369 4786.0
714545454 714545486 497.0
714545454 8633815287 112.0
946332601 946332455 334.0
946332601 946332706 208.0
946332804 944723307 222.0
155282109 944723271 719.0
944723271 944723282 252.0
944723271 155244894 709.0
946640511 946640688 434.0
946640511 946640738 221.0
155285854 656916550 14.0
155285854 3411942763 6.0
155285854 3411942775 150.0
656916550 155285854 14.0
656916550 656916678 35.0
3411942763 155285854 6.0
3411942763 3411942744 600.0
3411942775 8678038125 501.0
155290967 946397322 91.0
155290967 3431030283 71.0
946397322 946397349 252.0
3431030283 639144661 22.0
155291182 7884948314 383.0
155291182 714545358 199.0
7884948314 155291182 383.0
7884948314 8681152607 3969.0
714545358 8633815286 111.0
714545358 714545386 387.0
155298397 656916396 618.0
155298397 155313606 140.0
656916396 656916426 251.0
656916396 656916535 368.0
155313606 2359627482 12.0
155313606 8595705088 4732.0
155308598 946332483 276.0
155308598 155282109 628.0
946332483 946332455 733.0
946332483 1351010421 376.0
155311047 155402735 231.0
155402735 946640837 32.0
155402735 3823645801 49.0
155311051 155311047 35.0
155311051 1356850942 12.0
1356850942 3823721638 31.0
1356850942 1356850883 9.0
2359627482 155313606 12.0
2359627482 2359732610 3698.0
8595705088 2359627620 39.0
8595705088 8595705089 92.0
155313636 155298397 3447.0
155318254 1355914883 47.0
155318594 3823721770 938.0
155318594 2188531590 1594.0
3823721770 155311051 31.0
3823721770 155311047 48.0
2188531590 946640613 183.0
2188531590 155318594 1594.0
155319470 155389092 195.0
155319470 8678068768 419.0
155389092 8680019585 108.0
8678068768 8678068769 10.0
8678068768 8678068771 185.0
155319476 1863742537 122.0
155319476 8680019586 302.0
1863742537 155376075 35.0
1863742537 1355975523 53.0
8680019586 8680019589 200.0
8680019586 155319470 107.0
8680019586 8680019585 196.0
155390528 656915712 201.0
656916426 946332417 1145.0
155342942 3411750163 56.0
3411750163 155229680 236.0
155344041 155344048 203.0
155344041 8678068793 48.0
155344048 3815031932 40.0
155344048 155344041 203.0
8678068793 8685713439 340.0
8678068793 155344041 48.0
8678068793 639124221 83.0
3815031932 3815032020 302.0
155344474 1355887637 57.0
1355887637 1351010421 255.0
155349907 1355914838 1482.0
155349907 3823680638 80.0
3823680638 946640657 151.0
3823680638 3823680649 78.0
155356150 155347563 26945.0
155356150 2551970749 16629.0
155356150 2687232852 61.0
2551970749 155356150 16629.0
2687232852 155356150 61.0
155365888 639153733 64.0
155365888 639153735 46.0
639153733 8681152607 982.0
639153733 639153735 49.0
639153735 3352369664 96.0
639153735 639153733 49.0
155369897 660174004 559.0
155369897 946397383 536.0
660174004 660174014 522.0
946397383 155263530 152.0
8680019585 1355975508 218.0
8680019585 8680019566 1586.0
8680019585 8680019586 196.0
656915712 656915732 715.0
656915712 155390528 218.0
155392063 8685712942 1220.0
155392063 8678068788 207.0
8685712942 155392063 1220.0
8685712942 8678068790 194.0
8678068788 3411750597 61.0
155394024 8685713438 30.0
155394024 8678068790 413.0
8685713438 155394024 30.0
8685713438 639125945 160.0
8678068790 8685712942 193.0
8678068790 155394024 413.0
8680019589 8680019607 1245.0
8680019589 155397660 115.0
1358764547 2359627617 1098.0
1358764547 155397660 306.0
946640837 946640688 673.0
946640837 3823645801 32.0
3823645801 3823645797 227.0
9611789850 155897801 47.0
9611789850 155859749 2422.0
7081637811 7081637821 105.0
7081637811 155859749 22556.0
7081637811 154812926 77.0
155862239 946750568 1427.0
946750568 946750850 378.0
946750568 1906542325 397.0
155862260 1906542331 7.0
155862260 1906542336 35.0
1906542331 1906542329 24.0
1906542331 155862260 7.0
1906542336 1906542360 677.0
155873346 946822032 487.0
155873346 155873362 175.0
946822032 154766929 9164.0
155873362 155873346 175.0
155873362 9611789845 412.0
155873362 946821532 525.0
9611789845 155873362 412.0
9611789845 155897801 44.0
9611789845 9611789850 67.0
946821532 946821055 1166.0
155880689 3643422064 117.0
155880689 3479572648 93.0
155880689 155897801 6612.0
3643422064 3479572644 10.0
3643422064 3479572644 10.0
3643422064 155880689 117.0
3643422064 3479572648 42.0
3479572648 946821940 901.0
3479572648 155880689 93.0
3479572648 3643422064 42.0
155897801 9611789845 44.0
155897801 155880689 6612.0
155897801 9611789850 47.0
155880807 3479572644 3536.0
155880807 5431790076 45.0
3479572644 3643422064 10.0
3479572644 3643422064 10.0
3479572644 155880807 3536.0
5431790076 573757986 73.0
155898617 5623148081 624.0
155898617 155898631 1262.0
5623148081 494659536 47.0
5623148081 9571190540 62.0
155898631 494659388 702.0
494659388 946820992 3294.0
469425047 155258444 316.0
469425047 469429734 219.0
469428873 469433235 700.0
469428873 155258444 482.0
469429740 2359732701 248.0
469429740 2359627196 825.0
2359732701 2359732635 10.0
2359627196 155313636 70.0
2359627196 155313636 89.0
155322825 656915075 893.0
155322825 155278474 1366.0
469433395 469428873 41.0
478227064 656914909 532.0
478227064 3823620043 1227.0
656914909 1355875700 265.0
3823620043 469425047 1580.0
478229489 478227064 1549.0
478229635 944723282 669.0
478229635 478592076 670.0
944723282 155319476 40.0
493673618 1863742580 392.0
493673618 944736432 400.0
494659349 494659388 2037.0
946820992 155862239 558.0
946820992 1906542361 428.0
494659482 573757965 433.0
494659482 494659511 585.0
494659511 946822201 688.0
946822201 946821791 1002.0
494659536 573757904 22.0
494659536 9571190540 33.0
9571190540 155880807 305.0
573757986 573757904 220.0
573757986 155898631 793.0
573826540 494659511 564.0
639124142 2359627864 30.0
639124142 1356841399 146.0
2359627864 2359627860 7.0
2359627864 639124208 150.0
1356841399 639124142 146.0
1356841399 1356841411 163.0
639124208 1356841408 38.0
639124208 639124221 529.0
1356841408 639124208 38.0
1356841408 1356841413 35.0
639124221 8678068793 83.0
639124221 639124208 529.0
639124221 639125945 88.0
639125945 3704979778 68.0
639125945 8685713438 160.0
639124304 1356841408 92.0
639124304 2359627860 193.0
2359627860 6049400369 2205.0
3704979778 8678068793 39.0
3704979778 155344041 65.0
639144661 3411750163 83.0
8681152607 7884948314 3969.0
8681152607 639153733 982.0
8681152607 8681152610 77.0
3352369664 639153735 96.0
3352369664 3352369684 87.0
656915732 656915712 715.0
656915732 656915955 174.0
656915955 656915963 30.0
656915955 656916013 196.0
656915941 656915732 147.0
656915941 478229489 315.0
656915963 656915941 33.0
656916013 656915963 195.0
656916013 3411942744 522.0
3411942744 656916013 522.0
3411942744 155285854 601.0
656916329 656916384 319.0
656916329 478229489 2014.0
656916384 155313606 603.0
656916535 8678038125 442.0
656916535 656916536 39.0
946332417 946332450 645.0
946332417 1863742517 268.0
8678038125 8678038126 8.0
8678038125 8678068759 1090.0
8678038125 656916535 442.0
656916536 656916544 154.0
656916536 656916384 248.0
656916544 656916550 142.0
656916544 3411942775 36.0
656916678 656916550 35.0
656916678 656916535 327.0
660173972 946397318 662.0
660173972 946397383 255.0
946397318 946640889 2594.0
660173984 660173972 298.0
660173996 1355534479 58.0
660173996 660173999 78.0
1355534479 660173999 42.0
660173999 660173984 262.0
660174014 1355534505 90.0
660174014 1355534481 107.0
1355534505 1355534479 12.0
1355534505 6049400381 491.0
712885086 714545313 4093.0
714545313 714545350 673.0
714545313 714545386 1085.0
712885111 3812011568 863.0
712885111 3812011568 890.0
3812011568 712886044 6323.0
714545350 8633815288 36.0
714545350 8633815287 28.0
714545386 714639106 1685.0
8633815288 155291182 164.0
8633815287 714545358 11.0
8633815287 8633815288 31.0
8633815286 714545454 9.0
8633815286 8633815285 21.0
714639106 714638972 1482.0
714639106 714639658 1191.0
714545412 714545486 891.0
714545412 714545448 378.0
714545486 712885111 4366.0
714545448 8633815285 26.0
714545448 8633815286 19.0
8633815285 155279369 160.0
714638743 714639658 738.0
714638743 714638838 756.0
714639658 944723309 1118.0
714638838 714545412 2074.0
714638918 714638838 727.0
714638918 714638972 1084.0
714638972 944736393 3805.0
944736393 944736419 1092.0
944736393 944736419 1063.0
944723309 8681152613 489.0
944723309 944723301 776.0
944723253 714638918 973.0
944723301 155308598 434.0
944723307 8681152610 552.0
944723307 944723253 1240.0
8681152610 944723253 695.0
8681152610 8681152613 95.0
8681152610 8681152607 77.0
8681152613 944723301 291.0
8681152613 8681152610 95.0
944736322 944736492 1068.0
944736322 944736492 1106.0
944736492 714638743 4144.0
944736419 155257111 5357.0
946332450 478229635 961.0
1863742517 3411902921 81.0
1863742517 3813120959 56.0
946332433 946332804 654.0
946332433 155282109 438.0
946332455 946397330 597.0
946397330 946397349 291.0
1351010421 946332706 232.0
946332513 656916329 867.0
946332706 8681173827 281.0
946332617 946332725 145.0
946332725 946332450 204.0
946332676 946332513 376.0
946332745 8694797580 34.0
946332745 3411902905 53.0
946332500 477072838 7064.0
8681173827 3431031770 27.0
8681173827 3352370376 791.0
8694797580 8694797582 15.0
8694797580 3411902905 32.0
3411902905 8680019566 245.0
946397312 946332433 129.0
946640889 3823645797 618.0
946640889 1906542301 362.0
946397349 946397387 151.0
946397387 660174004 617.0
946397387 946397318 618.0
946397364 946397379 87.0
946397364 8678068789 67.0
946397379 155290967 40.0
8678068789 8678068788 14.0
8678068789 155392063 204.0
946640688 155369897 2568.0
946640738 1356850881 55.0
946640738 1906542301 210.0
946640613 946640810 11.0
946640810 3823682010 12.0
946640810 3823680654 455.0
946640657 155278102 461.0
946640689 3823680655 51.0
946640689 3823680651 41.0
3823680655 3823682010 425.0
3823680651 3823680654 13.0
3823680651 3823680655 38.0
946640722 946640737 988.0
946640722 946640659 465.0
946640737 946640791 631.0
946640737 1906542271 541.0
946640791 3823682012 27.0
946640791 3823682015 39.0
1906542271 946690836 2312.0
1906542301 946640837 13.0
1906542301 1356850820 223.0
3823682012 3823682015 26.0
3823682012 946640613 11.0
3823682015 2188531590 151.0
3823682010 3823682012 11.0
3823682010 1906542271 381.0
3823680654 155349907 159.0
3823680654 3823680649 12.0
3823645797 946640722 798.0
946690113 946690283 51.0
946690113 946690374 245.0
946690283 946690130 30.0
946690283 946690113 51.0
946690374 946690504 48.0
946690374 946690113 245.0
946690130 946690590 299.0
946690590 946690694 3508.0
946690177 946690714 37.0
946690177 2819588876 50.0
946690177 946690504 8.0
946690714 946690523 378.0
2819588876 946690177 50.0
2819588876 946690714 67.0
2819588876 1355914647 801.0
946690504 946690177 8.0
946690504 946690374 48.0
946690182 946690793 216.0
946690182 946690523 400.0
946690793 946690374 64.0
946690793 946690504 40.0
946690523 1357462994 1563.0
946690236 946690818 76.0
946690818 946690489 266.0
946690401 946690498 492.0
946690401 946690849 836.0
946690498 946690559 73.0
946690849 946690182 3484.0
946690416 946690130 36.0
946690489 946690849 453.0
946690489 946690754 671.0
946690754 946750866 3278.0
946690559 946690816 78.0
946690559 946690233 141.0
1357462994 155278102 222.0
1357462994 946640689 469.0
946690555 946690283 22.0
946690555 946690113 63.0
946690694 946690498 530.0
946690694 946690754 404.0
946750866 946750531 823.0
946750866 946750991 386.0
946690836 946690555 245.0
946690836 946690590 346.0
946750528 946750908 569.0
946750528 946750667 386.0
946750908 1906542351 39.0
946750908 946750667 501.0
946750667 946821533 1300.0
946750531 946750528 3843.0
946750850 946750735 3897.0
1906542325 1906542328 40.0
1906542325 155905752 42.0
946750624 946750754 36.0
946750754 946750531 349.0
946821533 946821585 354.0
946821533 946821697 713.0
946750715 946750586 457.0
946750715 946750731 531.0
946750731 946690401 3284.0
946750735 946750816 409.0
946750735 946750715 280.0
946750765 946750731 409.0
946750991 946750754 160.0
946750991 946750848 71.0
946750884 946750850 552.0
946750912 946750765 72.0
946751017 946750765 86.0
946820966 946822029 3451.0
946822029 946822147 430.0
946822029 946822147 460.0
1906542361 1906542333 704.0
946821055 946820966 728.0
946821055 946822152 194.0
946821313 946822012 3197.0
946822012 946820917 384.0
946822012 946821858 920.0
946821354 155898617 1592.0
946821355 946821874 1252.0
946821874 946821313 470.0
946821874 946821313 498.0
946821481 946821355 499.0
946821481 946821940 175.0
946821940 946821481 175.0
946821940 946821354 576.0
946821940 3479572648 901.0
946821585 1906542362 158.0
946821585 946821697 371.0
946821697 946821845 3650.0
946821534 946821354 952.0
946821534 946821940 390.0
1906542362 1906542361 92.0
1906542362 946821585 158.0
946821845 946822201 1990.0
946821845 494659482 736.0
946821775 155873346 517.0
946821775 946822032 992.0
946821791 946821355 1194.0
946821791 946821481 707.0
946821858 946821775 941.0
946822147 946821534 1052.0
946822272 946820966 197.0
946822280 946821858 330.0
6049400381 6049400376 50.0
6049400381 2359627657 32.0
1355534555 660173984 827.0
1355914647 2819588876 801.0
1355914647 1355914733 80.0
1355914733 2371410831 66.0
1355914733 2371410831 31.0
2371410831 1355914747 17.0
1355914747 155247712 42.0
1355914747 1355914685 27.0
1355975508 155244888 313.0
1356841411 1356850883 1329.0
1356841413 1356841411 141.0
1356841413 1356841399 132.0
1356850883 1356850758 12.0
1356850758 155311051 9.0
1356850758 155318594 975.0
1356850820 3823721584 33.0
1356850820 1356850729 167.0
3823721584 1356850942 36.0
3823721584 3823721638 50.0
3823721638 639124304 1386.0
2359627617 2359627620 10.0
2359627617 1358764547 1098.0
2359627617 8595705097 3123.0
1863742508 155271345 7338.0
3813120959 8694797577 15.0
1863742531 1355975508 18.0
1863742579 6063536007 25.0
6063536007 155257061 203.0
1906542333 1906542331 27.0
1906542333 1906542329 42.0
1906542360 1906542362 97.0
1906542360 155862239 314.0
1906542337 1906542336 42.0
2359732610 2359732701 195.0
2359732610 469433395 264.0
2359627620 2359627617 10.0
2359627620 8595705089 53.0
8595705097 8595705096 110.0
8595705097 8595705096 111.0
8595705089 2359627662 401.0
2359627657 2359627662 14.0
2359627657 6049400376 34.0
2359627662 2359627658 15.0
2359627662 2359627849 2184.0
6049400376 2359627617 412.0
2359627658 2359627657 11.0
2359627658 6049400375 31.0
6049400375 660173996 429.0
2359627849 639124142 82.0
2359627849 2359627864 64.0
6049400369 2359627658 35.0
6049400369 6049400375 50.0
3352369633 155365888 142.0
3352369633 1355887637 153.0
3352369684 3352369672 25.0
3352369684 155344474 22.0
3352369672 155344474 24.0
3352369672 3352369664 22.0
3352370365 8681173829 761.0
8681173829 8681173833 377.0
8681173829 946397330 369.0
8681173829 155229680 70.0
3352370376 3352370365 64.0
3352370376 8677824916 72.0
8677824916 8677807646 1861.0
8677824916 3352370365 45.0
3411750156 3431031765 25.0
8680019607 3411750156 29.0
8680019607 946397312 333.0
8680019607 3352369633 742.0
3431031765 3431031770 37.0
3431031765 8681173827 29.0
3411750165 8678068771 1276.0
3411750165 946397379 143.0
3411750165 946397364 100.0
8678068771 8678068769 186.0
8678068771 3411750165 1276.0
3411750597 946397364 13.0
3411750597 3411750165 102.0
3411750635 3411750646 62.0
3411902897 8694797582 49.0
3411902897 946332676 63.0
8694797582 3813120959 125.0
8694797582 946332676 44.0
8680019566 8680019564 11.0
8680019566 8678068760 358.0
8680019566 8680019585 1586.0
3411943993 8581241295 75.0
3411943993 8678038126 48.0
8581241295 3411942763 626.0
8678038126 8678038125 8.0
8678038126 8581241295 26.0
3431030278 3431030283 34.0
3431031770 8681173829 67.0
8694797577 946332725 99.0
8694797577 8694797580 126.0
3815031920 155344048 29.0
3815031920 3815031932 34.0
3815032020 155299026 25.0
3815032020 3815032044 39.0
3815032044 155299026 24.0
3815032044 8677807646 107.0
8677807646 3815032044 107.0
8677807646 8677824916 1861.0
8677807646 8677807655 174.0
3815032183 3815031920 516.0
3815032188 3815032183 33.0
3823680649 3823680651 6.0
3823680649 946640657 102.0
5431790072 5431790076 57.0
6063536011 6063536007 41.0
7689067940 946690818 141.0
7884948311 7884948314 39.0
8587146064 1358764547 56.0
8595604990 8678068761 43.0
8595604990 8595604995 98.0
8678068761 8678068762 11.0
8595604995 3411943993 1004.0
8595705096 2359627482 1545.0
8677807655 3815032183 251.0
8677807655 8677807646 174.0
8678068759 8678068760 11.0
8678068759 8680019564 355.0
8678068760 8678068761 6.0
8678068760 8678068766 1697.0
8680019564 8680019566 11.0
8680019564 3411902897 223.0
8678068766 155389092 427.0
8678068766 8678068768 190.0
8678068762 8678068759 5.0
8678068762 8595604995 43.0
8678068767 8678068766 11.0
8678068767 8595604990 1656.0
8678068769 8678068767 190.0
8685713439 8685713438 22.0
8685713439 155394024 38.0
8681173833 946397322 31.0
8681173833 8678068789 167.0
155164485 945035426 507.0
155164485 945036446 202.0
945035426 944765405 8266.0
945036446 945036102 35.0
945036446 945036377 38.0
155164493 945035550 166.0
155164493 2876162052 3463.0
155164493 945036102 163.0
155164493 945035426 151.0
945035550 155164493 166.0
945035550 156026649 41215.0
945035550 945036579 324.0
2876162052 155164493 3463.0
2876162052 155191397 10613.0
945036102 155164493 163.0
155191397 2876162052 10613.0
155191397 155206478 10759.0
155191397 155558298 32177.0
155206478 155191397 10759.0
155558298 155191397 32177.0
155558298 528516440 882.0
155207236 944765293 669.0
155207236 944765189 415.0
944765293 944765210 7481.0
155207499 944765219 11119.0
944765219 944765200 914.0
944765219 944765200 934.0
155305916 944736471 351.0
944736471 155309008 3304.0
155309008 944736436 793.0
155309008 944736436 815.0
944736436 155207236 5341.0
493672732 944736441 3959.0
944736441 944736324 319.0
944736441 944736402 564.0
944736379 493672732 745.0
944736379 493672732 722.0
944736402 493673618 4258.0
944736430 944736402 367.0
944765142 944736379 5548.0
944765200 944765383 7254.0
944765383 944765142 686.0
944765383 944765142 666.0
944765210 944765237 677.0
944765210 944765237 695.0
944765237 944765292 11472.0
944765292 944765247 802.0
944765292 944765242 429.0
944765242 944765187 30.0
944765242 944765224 81.0
944765247 945036334 8177.0
945036334 945036579 537.0
945036334 945035550 224.0
944765358 944765293 162.0
944765364 155165242 106.0
944765364 944765206 34.0
944765405 944765364 425.0
944765405 155207499 776.0
156026649 945117128 62560.0
156026649 945035550 41215.0
156026649 156026635 506.0
945036579 945036634 12439.0
945036634 4562129222 236.0
945036634 945035706 644.0
2876162046 2876162052 63.0
8964455681 155207499 333.0
8964455704 944765247 367.0
155169096 155175110 12840.0
155175110 945035668 359.0
155175110 945036047 613.0
945035668 2534287230 75.0
945035668 945036144 84.0
945036047 155164485 12479.0
155175118 945036144 77.0
945036144 945036047 171.0
469479121 1448327656 35.0
1448327656 639882527 615.0
469479295 1448327561 41.0
1448327561 469479302 662.0
469479302 639882800 3086.0
639882800 639948994 966.0
639882800 639948994 929.0
506495786 156263334 1291.0
506495786 639947805 1702.0
156263334 156286384 121.0
156263334 156299506 498.0
639947805 639947812 424.0
639947805 639947821 707.0
639948994 639948486 1948.0
639947989 639948059 313.0
639948059 639948078 614.0
639948059 639948078 622.0
639948078 639948895 1941.0
639948895 639949007 989.0
639948895 639949007 983.0
639948486 639948491 708.0
639948486 639948491 673.0
639948491 506495786 306.0
639949007 1448327556 2882.0
1448327556 1448327714 704.0
1448327556 639882527 564.0
945035706 945116803 12652.0
945116803 945115614 821.0
945116803 945115614 896.0
4562129222 945035706 427.0
945115614 945116832 10845.0
945116832 945117181 704.0
945116832 945117181 795.0
945116578 155169096 692.0
945116578 155169096 679.0
1448327533 1448327656 117.0
1448327714 156295703 87.0
1448327714 1448327581 102.0
1448327572 1448327561 113.0
2533870721 469479302 706.0
2533870721 7784431547 621.0
7784431547 469479310 63.0
7784431547 7784431532 113.0
4562129219 4562129222 30.0
156234678 3938776095 332.0
156234678 156234683 667.0
3938776095 3938776085 48.0
3938776095 3938776085 78.0
156234683 945398914 8743.0
945398914 945398359 316.0
945398914 945398623 410.0
431493204 431493202 757.0
431493204 431493202 761.0
945398359 156225585 5244.0
156225585 1924800398 540.0
156225585 945398427 913.0
945398776 431493204 9144.0
945398623 945398696 71.0
945398623 945398858 46.0
945399554 945398776 500.0
945399554 945398880 596.0
945398880 945398373 32.0
945398880 945399501 44.0
3938776085 156234683 296.0
4611998412 156014165 50923.0
156014165 4611998412 50923.0
156014165 945399290 54629.0
156014165 155997611 220.0
155997611 154833076 41207.0
155997611 156014165 220.0
155997611 7170527648 11777.0
154833076 155997611 41207.0
154833076 2615833377 38185.0
154833076 154833020 2749.0
7170527648 7170519172 32.0
7170527648 155997611 11777.0
7170527648 156019369 19.0
945399290 945398998 6.0
945399290 945399384 363.0
945399290 156014165 54629.0
1924800398 639945992 51.0
1924800398 632445300 118.0
945398427 945398636 3106.0
156225593 945398427 324.0
156226130 945399356 292.0
945399356 945399554 5070.0
156226328 945399388 59.0
945399388 945398776 244.0
156227797 945116950 3871.0
945116950 945116137 606.0
945116950 945117496 380.0
156229586 945115344 57.0
156229586 945116379 79.0
156229586 7619103612 179.0
945115344 156229586 57.0
945116379 945117362 96.0
945116379 156229586 79.0
7619103612 7619103614 28.0
7619103612 7619103592 22.0
7619103612 156229586 179.0
156236560 156257053 1607.0
156236560 156291625 178.0
156257053 156236560 1607.0
156257053 156257061 25.0
156291625 3288902868 15.0
156291625 156272905 682.0
156241431 945398749 11.0
156241431 945398952 366.0
156241431 945398998 322.0
945398749 156241431 11.0
945398749 4760973119 2615.0
945398952 945115601 770.0
945398998 945399290 6.0
945398998 156241431 322.0
156247218 945117128 35.0
156247218 945116983 192.0
156247218 945116634 45.0
945117128 156247218 35.0
945117128 156026649 62560.0
945117128 945116634 61.0
945116983 8991954000 109.0
945116983 945115354 474.0
945116983 156247218 192.0
945116634 945116441 286.0
156257061 6075851256 56.0
156257061 6075851258 28.0
6075851256 6075851262 98.0
6075851258 6075851256 31.0
6075851258 156257063 6.0
156257063 2197686275 12.0
2197686275 6075851258 12.0
2197686275 156257053 46.0
156257752 156263334 131.0
156257752 639947989 1375.0
156257754 6373182428 24.0
156257754 6373182421 36.0
6373182428 156257752 99.0
156258374 156258381 655.0
156258381 156258383 71.0
156258381 4228569676 77.0
156258381 156258374 655.0
4228569676 156258381 81.0
4228569676 156261158 1545.0
156261154 945398696 5507.0
156261154 156261158 104.0
156261154 4270194860 63.0
945398696 945398858 48.0
945398696 156261154 5507.0
156261158 4228569676 1545.0
156261158 156261154 104.0
156286384 156257754 125.0
156286384 3035898119 952.0
156299506 156286384 387.0
156299506 639947849 613.0
156270842 8991954000 43.0
156270842 5173721149 1681.0
8991954000 156270842 43.0
8991954000 945116983 109.0
5173721149 5173721150 104.0
5173721149 9778438447 1450.0
156272905 639947812 263.0
156272905 7619103376 1138.0
156272905 156291625 682.0
639947812 156272905 263.0
639947812 639947849 215.0
639947812 639947821 310.0
7619103376 156272905 1138.0
7619103376 7619103427 2213.0
156284537 945115354 1018.0
156284537 945116983 566.0
945115354 945116959 1142.0
156284708 156227797 670.0
156284708 945117150 268.0
3035898119 506493006 1084.0
3035898119 156300740 2026.0
3288902868 3288902862 45.0
156292857 156257053 32.0
156295951 156261158 72.0
639947849 639947812 215.0
639947849 156299506 613.0
639947849 639947859 326.0
156300740 639947234 71.0
156300740 639946889 236.0
156300740 3035898119 2026.0
639947234 156300740 71.0
639947234 4760973087 233.0
639946889 639947525 1741.0
506493006 6373182421 40.0
506493006 156257754 43.0
632445282 639946889 507.0
632445282 156300740 273.0
632445300 639946142 626.0
639946142 639946178 687.0
639946142 639946178 676.0
639945992 156225593 14.0
639945992 632445300 83.0
639946130 156225593 682.0
639946178 632445282 1334.0
639946252 639946130 1370.0
639946252 639946130 781.0
639946846 639946252 1497.0
639947525 639947859 732.0
639947525 639947849 430.0
639947010 639946846 282.0
639947010 4760973251 374.0
4760973251 4760973119 258.0
4760973087 4760973251 56.0
4760973087 639946846 423.0
639947859 639947989 1668.0
639947821 639947010 1686.0
945116959 945116430 543.0
945116959 945116430 518.0
945115403 945116137 320.0
945116137 945116578 13305.0
945115601 945116902 665.0
945115601 7619103558 363.0
945116902 156284537 4298.0
7619103558 7619103541 75.0
945115686 945116050 947.0
945115686 945115344 503.0
945116050 945399587 753.0
945399587 945399384 249.0
945399587 945398998 359.0
945116207 945116539 297.0
945116539 945116455 4095.0
945117362 945116050 249.0
945116387 945116441 742.0
945116387 156247218 444.0
945116441 945115686 4307.0
945116430 156284708 4180.0
945116455 945117419 546.0
945116455 945117419 568.0
945117419 945116387 1286.0
945117181 945117187 6100.0
945117121 156227797 228.0
945117187 945116133 227.0
945117187 945116539 721.0
945117229 945117362 53.0
945398636 945398952 573.0
945398636 945398749 661.0
945398858 945398696 48.0
945398677 945398968 58.0
945398968 945398359 242.0
4760973119 945398749 2615.0
4760973119 639947234 545.0
945399047 1924800375 507.0
945399047 945399356 683.0
945399145 945399388 48.0
945399384 945399047 3297.0
945399295 945398968 45.0
3288902862 9791138997 229.0
3288902862 9791138997 97.0
9791138997 156236560 25.0
3469094711 3288902868 17.0
5173721150 156270842 1587.0
9778438447 6075851262 2605.0
9778438447 5173721150 1560.0
6075851262 156257063 127.0
6075851262 9778438447 2605.0
7619103427 7619103428 57.0
7619103427 7619103428 78.0
7619103386 7619103394 36.0
7619103394 7619103376 153.0
7619103428 7619103551 1013.0
7619103551 7619103614 75.0
7619103551 7619103592 46.0
7619103541 7627117612 982.0
7627117612 7627117611 56.0
7627117612 7627117611 74.0
7619103614 945116902 280.0
7619103592 7619103541 78.0
7619103592 7619103558 32.0
7619103592 7619103612 22.0
7627117611 7619103394 2070.0
8991953996 8991954000 46.0
154833017 154833020 89.0
154833017 156026635 22826.0
154833017 154847114 85.0
154833020 154833076 2749.0
154833020 154833017 89.0
154833020 154847114 82.0
156026635 155334041 41893.0
156026635 156026649 506.0
156026635 154833017 22826.0
154847114 154833020 82.0
154847114 154833017 85.0
154847114 708407702 30469.0
2615833377 154833076 38185.0
2615833377 7907156215 46.0
708407702 708407692 32.0
708407702 154847114 30469.0
708407702 708407425 59.0
154864736 708348594 27511.0
154864736 708407458 10032.0
154864736 154868604 17925.0
708348594 708348626 9.0
708348594 154864736 27511.0
708407458 154888908 33.0
708407458 154864736 10032.0
708407458 708407497 39.0
154868604 3040088981 69.0
154868604 4287211956 67.0
154868604 154864736 17925.0
154888908 708407458 33.0
154888908 708407412 222.0
154888908 708407497 24.0
708407412 708407692 24.0
708407412 154888908 222.0
708407412 708407425 29.0
708407497 708407549 496.0
155270324 155334041 82.0
155270324 155309645 175.0
155270324 712817505 468.0
155334041 155270324 82.0
155334041 155292537 4067.0
155334041 156026635 41893.0
155309645 155351062 162.0
155309645 155270324 175.0
712817505 712799934 8972.0
155292537 155334041 4067.0
155292537 3040088981 33185.0
155292537 155331282 13869.0
3040088981 155292537 33185.0
3040088981 154868604 69.0
3040088981 4287211956 52.0
155331282 155292537 13869.0
155331282 8686431215 84.0
155331282 8686431215 101.0
155351062 155309645 162.0
155351062 712817487 576.0
712817487 712886005 14284.0
708348273 708407668 9055.0
708407668 8246252036 834.0
708407668 708407690 331.0
708348403 708348316 862.0
708348403 708348316 907.0
708348316 708412187 3943.0
708348442 708348622 10.0
708348442 154627308 21666.0
708348442 708348461 560.0
708348622 708348442 10.0
708348622 708348626 384.0
154627308 705819062 167.0
154627308 708348442 21666.0
708348461 708348765 2944.0
708348626 708348594 9.0
708348626 708348622 384.0
708348626 708348388 563.0
708348388 705855708 9238.0
708407692 708407702 32.0
708407692 708407412 24.0
708407425 8246252036 400.0
8246252036 708431237 9289.0
708407432 708407449 312.0
708407432 708407549 792.0
708407449 154888908 25.0
708407449 708407458 33.0
708407549 708348403 9147.0
708407690 708407702 29.0
708407690 708407692 35.0
708431237 708431269 450.0
708431237 708431741 286.0
708431269 712799978 12683.0
712799978 712799944 923.0
712799978 712799944 870.0
708431295 708431269 372.0
708431357 708431369 362.0
708431369 708407432 9164.0
712788390 708431369 500.0
712788390 708432183 537.0
712799934 712799976 988.0
712799934 712799976 993.0
712799976 712788390 12661.0
712799944 712817458 9108.0
712817458 155309645 477.0
712817458 712817487 1163.0
712886005 712886022 877.0
712886005 712886014 453.0
712817489 155270324 519.0
712817489 712817505 938.0
4287211956 154868604 67.0
4287211956 154980854 48401.0
4287211956 3040088981 52.0
154962337 8262813162 55.0
154962337 154997851 75.0
154962337 2637305788 75.0
8262813162 2637305788 70.0
8262813162 154962337 55.0
8262813162 1014771711 24695.0
154997851 154962341 198.0
2637305788 154980854 34.0
154962341 1351010414 1137.0
1351010414 154962337 1396.0
1351010414 1756615716 15586.0
154980854 4287211956 48401.0
154980854 2637305798 83.0
2637305798 154962337 36.0
2637305798 154997851 82.0
155243049 155327069 5857.0
155243049 6417330790 446.0
155327069 1756615746 367.0
155327069 155394884 294.0
155327069 155243049 5857.0
6417330790 6417329554 49.0
6417330790 2637466481 644.0
155249384 656914957 32.0
155249384 656914958 45.0
656914957 656914734 6.0
656914957 656914958 23.0
656914958 3823620043 668.0
155252391 9418750998 6645.0
9418750998 9418751011 379.0
9418750998 9418751005 215.0
155253051 155253060 424.0
155253051 155253129 502.0
155253051 477072869 329.0
155253060 155322941 7002.0
155253129 477072733 8015.0
477072869 946332574 414.0
477072869 155253051 329.0
477072869 1756615892 287.0
155322941 1863742508 862.0
155322941 1863742508 868.0
477072733 946332494 816.0
477072733 946332494 841.0
155266190 2885571329 943.0
2885571329 2842893228 74.0
2885571329 2625158900 98.0
155266193 155277557 24.0
155266193 2625158810 51.0
155266193 155266194 29.0
155277557 155266193 24.0
2625158810 155266190 45.0
2625158810 155266193 51.0
155266194 155266193 29.0
656915075 656914845 69.0
656915075 656914734 47.0
155323054 155253051 472.0
155323054 155253060 785.0
155323225 155323054 7680.0
155323565 946332751 4561.0
946332751 946332508 516.0
946332751 946332508 506.0
155326519 946332574 29.0
155326519 9419615630 3472.0
946332574 155326519 29.0
946332574 477072869 414.0
946332574 7589596957 777.0
9419615630 2625158794 10236.0
1756615746 1756615720 151.0
1756615746 155327069 367.0
155394884 1756615792 131.0
155394884 1756615716 318.0
8686431215 155331282 84.0
8686431215 8686615511 7802.0
155345379 478227071 498.0
155345379 155249384 326.0
478227071 478227069 55.0
478227071 656914909 24.0
155372602 712886014 33.0
712886014 712886022 396.0
1756615792 155394884 131.0
1756615792 1756615746 84.0
1756615716 1756615720 95.0
1756615716 1351010414 15586.0
469433411 469433395 589.0
476555606 946332424 174.0
476555606 155323565 774.0
476563362 946332592 617.0
476563362 946332592 631.0
946332592 476555606 6932.0
946332494 476563362 7768.0
477072838 155253051 678.0
477072838 155253129 339.0
1756615892 477072869 287.0
1756615892 946332560 54.0
1756615892 7589614167 55.0
478227069 155278474 535.0
656914720 656914728 31.0
656914720 656914753 38.0
656914728 656914753 32.0
656914728 1355875679 75.0
656914753 656914957 219.0
1355875679 2625158847 1305.0
656914734 656914728 267.0
656914734 656914845 47.0
656914845 478227069 152.0
1355875700 656914720 44.0
1355875700 1355875679 115.0
712885162 712885178 446.0
712885162 712885086 964.0
712885178 712885086 497.0
712885193 712885178 55.0
712885986 712886003 497.0
712885986 712886053 29.0
712886003 712817489 14468.0
712886022 712885162 6241.0
712886044 712885986 433.0
712886044 712886003 881.0
946332403 946332772 7850.0
946332772 155323225 755.0
946332772 155323225 721.0
946332457 155323565 279.0
946332560 1756615892 54.0
7589596957 7589614752 404.0
946332780 4794884551 227.0
4794884551 946332797 2507.0
946332797 946332403 530.0
946332797 946332403 556.0
1014771711 8262813162 24695.0
1014771711 1014772645 1041.0
1014772645 1014771711 1034.0
1014772645 4266673034 35653.0
2625158847 2625158762 235.0
2625158847 155252391 373.0
1756615720 1756615746 151.0
1756615720 1756615792 138.0
1756615720 1756615716 95.0
2625158794 155266190 67.0
2625158794 2625158810 66.0
2625158822 155252391 191.0
2625158900 155345379 378.0
2637305753 154962341 43.0
2637466481 6417329575 568.0
2637466481 7589614752 11151.0
6417329575 6417329566 32.0
6417329575 155243049 511.0
7589614752 2637466481 11151.0
7589614752 155326519 1167.0
2842893229 2625158900 65.0
4794884584 4794884551 720.0
4794884584 946332740 159.0
7589615068 946332574 481.0
7589615068 7589596957 1266.0
8686615511 8686621018 107.0
8686615511 8686621018 79.0
8686615511 8686431215 7802.0
9418751011 7589615068 6161.0
9418751006 9418751011 182.0
9419615624 9419615630 59.0
154908127 154981986 9790.0
154981986 946332487 667.0
154981986 946332487 659.0
154981827 154908127 1111.0
154981827 154908127 1138.0
946332487 4794884584 8978.0
155896243 945987641 3531.0
945987641 945987754 440.0
945987641 945987801 856.0
155901669 2200150994 81.0
2200150994 155901674 63.0
2200150994 2199987561 36.0
155901674 2200150994 63.0
155901674 155930385 76.0
155901674 2200151010 27.0
155930385 3507552074 1592.0
155930385 155901674 76.0
2200151010 155928433 66.0
2200151010 155901674 27.0
155903406 1839818779 57.0
155903406 1593749836 179.0
1839818779 155903406 57.0
1839818779 1839818820 203.0
1839818779 1839818861 181.0
1593749836 155903406 179.0
1593749836 945987712 70.0
155909854 945964083 16130.0
945964083 2404339031 475.0
945964083 945964146 807.0
155919865 2885507565 68.0
2885507565 155924990 6536.0
2885507565 945565937 26428.0
155921845 155947935 122.0
155921845 2199987561 2315.0
155921845 3419959103 38.0
155947935 155947945 385.0
155947935 155921845 122.0
155947935 3419959103 137.0
2199987561 2200150994 36.0
2199987561 155921845 2315.0
2199987561 2200151010 118.0
3419959103 155921845 38.0
3419959103 1240479963 97.0
155924990 3264182847 110.0
155924990 3264182847 57.0
155924990 2885507565 6536.0
3264182847 3419959130 2914.0
3264182847 155924990 57.0
155928433 155930385 95.0
155928433 155950031 407.0
155928433 2200151010 66.0
155950031 155928433 407.0
3507552074 3507552119 57.0
3507552074 155930385 1592.0
155942726 155961071 571.0
155961071 946969245 1112.0
155947945 3419959111 13.0
155947945 3419959130 1034.0
155947945 155947935 385.0
3419959111 1240480005 48.0
3419959111 155947945 13.0
3419959111 3419959116 53.0
3419959130 155947945 1034.0
3419959130 3264182847 2914.0
155951008 155962470 1348.0
155962470 1035563728 882.0
155962470 475663220 1698.0
155951050 866050020 456.0
866050020 155951008 1312.0
866050020 155951008 1313.0
155960953 946027683 1374.0
946027683 155961155 999.0
946027683 155961155 954.0
155961037 947036806 5889.0
947036806 947037506 1010.0
947036806 947037284 469.0
946969245 946969142 898.0
946969245 3271179631 813.0
155961155 155961223 1956.0
155961223 866050462 887.0
155961223 1035563728 924.0
866050462 515218586 1220.0
1035563728 475848665 10274.0
475663220 475663189 1285.0
155982856 1839819044 35.0
1839819044 155982856 35.0
1839819044 155994814 69.0
155994744 3507552079 91.0
155994744 2199987587 1304.0
3507552079 3507552074 53.0
3507552079 3507552119 49.0
2199987587 155911878 64.0
2199987587 155994744 1304.0
2199987587 9734147745 3735.0
155994814 155994819 155.0
155994819 1839818925 73.0
155994819 9734147745 300.0
1839818925 155994819 73.0
1839818925 1839818861 94.0
9734147745 2199987587 3735.0
9734147745 1839818954 78.0
364099912 364102438 559.0
364099912 155896243 886.0
364102438 946969704 5481.0
364101633 155896243 713.0
364101633 155909854 722.0
946969704 3271179631 1103.0
946969704 946969322 687.0
475428073 364102438 2518.0
475428073 155909854 2670.0
475431403 945987787 3152.0
945987787 945987754 601.0
945987787 945987877 364.0
475663189 946027741 471.0
475663189 946027741 854.0
946027741 946027763 1515.0
475688639 866050462 1515.0
475688639 475663220 985.0
475848665 946027759 756.0
475848665 946027759 759.0
946027759 154981827 7064.0
475856294 946332597 921.0
475856294 946332597 938.0
946332597 946027723 7076.0
515218586 9773852908 572.0
515218586 866050072 1237.0
9773852908 866050072 676.0
9773852908 9773852915 58.0
866050072 515218628 541.0
945987622 945987801 507.0
945987622 945987877 702.0
945987801 946027760 2456.0
945987877 475428073 1857.0
945987754 945987776 259.0
945987712 945987759 269.0
945987712 1593749623 383.0
945987759 945987622 208.0
945987776 1593749623 272.0
945987776 1839818761 520.0
1839818761 1593749836 359.0
946027760 946027725 649.0
946027760 155960953 1018.0
946027723 946027733 674.0
946027723 946027733 658.0
946027733 475688639 11207.0
946027725 155960953 369.0
946027725 8736526644 57.0
946027763 475431403 1065.0
946027763 8736526634 453.0
8736526634 475431403 627.0
8736526634 8736526638 53.0
946332508 475856294 9943.0
946969142 364101633 5297.0
946969166 946969322 1113.0
946969166 946969142 613.0
946969322 946969862 699.0
946969186 946969815 518.0
946969186 946969243 591.0
946969815 946969389 54.0
946969815 946969251 89.0
946969243 155961071 575.0
946969204 946969545 665.0
946969545 947037777 4099.0
3271179631 1240480005 1034.0
946969862 1906542245 599.0
946969862 946969310 864.0
947037777 947037652 353.0
947037777 947037736 697.0
1906542245 946969545 818.0
1906542245 155942716 690.0
947036801 947037489 550.0
947036801 947037758 643.0
947037489 5291272282 8711.0
947037506 946969186 4136.0
947037284 947037663 156.0
947037284 947037238 197.0
947036983 947037238 230.0
947037238 947037506 370.0
947037082 947036801 6511.0
947037163 947037736 45.0
947037736 947037082 492.0
5291272282 947574097 523.0
5291272282 947574132 565.0
947037652 947037082 657.0
947037652 947036927 668.0
947037707 155961037 915.0
947037707 947037060 423.0
1240479963 3419959103 97.0
1240480005 3419959116 24.0
1240480005 3419959111 48.0
3419959116 946969166 1015.0
1593749478 945987759 622.0
1593749478 1839818761 179.0
1839818861 155903406 465.0
1839818861 1839818779 181.0
1839818861 1839818925 94.0
1839818825 1839818925 118.0
1839818954 155994814 71.0
1839818954 1839819044 80.0
1906542240 946969204 72.0
2256069239 155994744 102.0
945565937 945565966 9.0
945565937 2885507565 26428.0
945565937 945565962 583.0
3419959123 3419959130 76.0
3507552119 2256069239 50.0
3507552119 3507552074 57.0
3507552119 3507552193 82.0
3507552193 2256069239 108.0
3507552193 3507552119 82.0
3507552193 3507553045 439.0
3507553045 3507552193 439.0
3507553045 6725619321 44.0
6725619321 3507553045 44.0
3507553081 3507553045 49.0
5767233473 946969204 109.0
5767233498 946969243 388.0
155540320 155591402 536.0
155591402 155557210 2089.0
155542260 155542268 768.0
155542260 1774365209 1227.0
155542268 1774365209 569.0
1774365209 155591552 6391.0
155557210 155557230 530.0
155557210 155542260 2971.0
155557230 1772563862 93.0
155557230 1772563862 35.0
1772563862 1772563806 424.0
155568293 155568294 113.0
155568294 155575319 28.0
155568294 156075063 43837.0
155575319 155597373 140.0
155575319 945565947 25347.0
156075063 156066156 3266.0
156075063 156064290 8885.0
156075063 155568294 43837.0
945565947 945565966 404.0
945565947 155575319 25347.0
945565947 945565944 690.0
155591341 1772563295 1203.0
155591341 1772563295 788.0
1772563295 155591402 6896.0
155591552 155591563 1141.0
155591552 155591563 1140.0
155591563 2404312004 4706.0
2404312004 2404312258 795.0
2404312004 2404312051 280.0
474856621 155591341 1063.0
474879484 1772563581 262.0
474879484 656022631 6584.0
1772563581 155560064 34.0
1772563581 1772563596 28.0
656022631 712972166 521.0
656022631 656022630 537.0
474881510 1772563806 3057.0
1772563806 474879484 2612.0
474882443 474881510 1175.0
474882443 474881510 1161.0
475171065 474882443 6438.0
475171073 475171065 1236.0
475171073 475171065 1215.0
475182331 945565944 1348.0
475182331 945565947 715.0
945565944 2404312455 935.0
475186766 2404339038 490.0
475186766 945964148 807.0
2404339038 2404339041 10.0
945964148 364099912 16186.0
656022630 155591324 992.0
712972166 712981525 119.0
712972166 656022630 565.0
945565966 945565937 9.0
945565966 945565947 404.0
945565962 475186766 13746.0
2404312455 2404312365 1043.0
2404312455 2404312435 390.0
945565956 945565966 404.0
945565956 945565962 593.0
2404339031 945964117 11.0
945964146 475182331 13851.0
945964117 2404339031 11.0
945964117 945964146 331.0
1774465721 155542268 99.0
2404312258 945565956 3653.0
2404312125 2404312258 276.0
2404312365 475171073 6313.0
2404312398 2404312365 353.0
2404339041 945964148 322.0
2404339041 2404339038 10.0
155480783 155481291 26319.0
155481291 156210656 40344.0
155481291 155480783 26319.0
156210656 156210654 46.0
156210656 156218328 44.0
156210656 155481291 40344.0
154878611 7259374640 5556.0
7259374640 155305197 29538.0
7259374640 154878611 5556.0
7259374640 2773383026 16792.0
154926561 155305197 17961.0
154926561 3500161720 14444.0
154926561 156019369 29275.0
155305197 154926561 17961.0
155305197 155293141 9795.0
155305197 7259374640 29538.0
3500161720 154927429 23.0
3500161720 154926561 14444.0
156019369 7170519172 18.0
156019369 7170527648 19.0
156019369 154926561 29275.0
154927429 3500161718 23.0
154927429 3500161720 23.0
154927429 3500161712 33.0
3500161718 154927429 23.0
3500161718 3500161712 44.0
3500161718 7907156255 782.0
3500161712 3500161720 39.0
3500161712 154927429 33.0
3500161712 705764639 24076.0
154938101 7170519172 2629.0
7170519172 156019369 18.0
7170519172 154938101 2629.0
155195711 155210744 1626.0
155210744 2014875914 10215.0
155210744 155195711 1626.0
155210744 2013600116 37.0
155280480 4024926860 2510.0
155280480 155300775 429.0
4024926860 155280480 2510.0
4024926860 4024926856 42.0
155300775 155293141 116.0
155300775 155300774 195.0
155293141 155280480 372.0
155293141 155305197 9795.0
155293141 155300775 116.0
155312281 155308520 18412.0
155312281 1700643403 367.0
155308520 155308523 177.0
155308520 155312281 18412.0
155308520 155312139 165.0
1700643403 155312281 369.0
1700643403 7684909106 3979.0
704316671 704316676 371.0
704316671 704316820 445.0
704316676 704317153 7613.0
704316820 704316758 11.0
704316820 704316794 170.0
704317153 155302800 307.0
704317153 704317149 446.0
704316758 704316759 11.0
704316758 7684909106 105.0
704316759 704316676 595.0
704316759 704316820 12.0
7684909106 1700643403 3979.0
7684909106 704316759 101.0
704316793 704316794 11.0
704316793 704316758 171.0
704316794 704316796 10.0
704316796 704316812 630.0
704316796 704316793 13.0
704316812 705007675 9310.0
705007675 705007685 807.0
705007675 705007643 375.0
705007685 705764626 8189.0
705764626 705764639 279.0
705764626 705764643 571.0
705007686 705007696 834.0
705007686 705007655 351.0
705007696 704316671 9762.0
7907156215 7907156241 37.0
2773383026 7259374640 16792.0
705764639 705764622 119.0
705764639 3500161712 24076.0
705764639 705764643 310.0
7907156255 3500161718 782.0
7907156255 7907156252 58.0
4024926856 4024926860 42.0
4024926856 4024926860 68.0
4024926856 4248953864 4061.0
4248953864 4024926856 4061.0
7415468571 704316793 483.0
7415468571 704316812 544.0
7907156241 7907156252 17.0
7907156241 7907156255 60.0
7907156232 2615833377 50.0
7907156232 7907156215 14.0
7907156252 7907156232 28.0
705819062 705819125 11.0
154630048 705856436 629.0
705856436 708348601 9194.0
154640039 154640078 142.0
154640039 705819631 388.0
154640078 154656523 69.0
154640078 154640039 142.0
154640078 705819799 793.0
705819631 705819046 8026.0
154656523 154640078 69.0
154656523 154658190 1831.0
154656523 155312139 34002.0
705819799 705764644 17835.0
154658190 154656523 1831.0
154658190 154664247 7573.0
154658190 155963009 104140.0
155312139 154656523 34002.0
155312139 155308523 199.0
155312139 155308520 165.0
154664247 705819111 136.0
154664247 154658190 7573.0
155963009 154658190 104140.0
155963009 155976480 21256.0
155963009 7711860816 52036.0
705819111 705819107 12.0
705819111 705819124 614.0
155308523 155308520 177.0
155308523 155312139 199.0
155308523 3941084727 35020.0
705007650 705007685 284.0
705007665 705007696 261.0
705764622 705764639 119.0
705764622 705764655 316.0
705764655 705007686 8242.0
705764643 705820026 18281.0
705820026 705819631 816.0
705820026 154640039 437.0
705764644 705764622 382.0
705764644 705764655 705.0
705819046 705819061 614.0
705819046 705819141 410.0
705819061 705819062 11.0
705819061 154627308 168.0
705819141 705856422 6215.0
705819125 705819126 12.0
705819125 705819108 534.0
705819097 705819107 292.0
705819097 705819124 787.0
705819107 705819108 9.0
705819107 705819126 524.0
705819124 705819387 7632.0
705819108 705819110 11.0
705819126 705819061 11.0
705819126 705819141 400.0
705819110 705819111 9.0
705819110 154664247 137.0
705819387 705819799 1133.0
705819387 154640078 354.0
705856422 705856546 513.0
705856422 705856436 595.0
705855708 705855986 1018.0
705855708 705855738 446.0
705855986 705819097 5916.0
705855738 705856093 80.0
705855738 705855740 61.0
705855899 988656793 275.0
988656793 705855986 465.0
705856085 988656793 35.0
705856546 705856547 97.0
705856546 705855984 158.0
708348601 708348622 431.0
708348601 708348461 396.0
708348262 708348273 834.0
708348262 708348273 860.0
708412187 708348357 659.0
708412187 708412129 198.0
708348357 708348381 2773.0
708348381 708348388 457.0
708348381 708348594 644.0
708348765 708412168 552.0
708348765 708412156 145.0
708412168 708348262 4039.0
708412137 708348357 130.0
708412166 708412168 81.0
4266673034 4266673031 32.0
4266673034 155046277 3559.0
4266673034 1014772645 35653.0
155012338 6654602775 21.0
155012338 6654602774 36.0
155012338 947601707 33.0
155012338 947601491 269.0
6654602775 155012338 21.0
6654602775 6654602771 171.0
6654602774 947601707 36.0
6654602774 155012338 36.0
6654602774 6654602771 159.0
947601707 155079777 428.0
947601491 155012338 269.0
947601491 155055050 26983.0
947601491 947601697 427.0
155046277 6654602771 15919.0
155046277 4266673034 3559.0
6654602771 155046277 15919.0
6654602771 6654602774 159.0
6654602771 6654602775 171.0
155064199 156071965 34120.0
156071965 5291272246 53.0
156071965 155064199 34120.0
156071965 156066208 15007.0
155079777 947573805 9043.0
947573805 947573793 935.0
947573805 947573793 925.0
156064290 156075063 8885.0
156064290 3038305947 43.0
156064290 3202594510 40.0
3038305947 156064290 43.0
3038305947 1992939793 25938.0
3202594510 3038305947 54.0
3202594510 156064290 40.0
3202594510 155691054 33256.0
156066156 156075063 3266.0
156066156 156066206 1643.0
156066206 156066208 46.0
156066206 6024652996 30.0
156066208 6024652996 57.0
156066208 156071965 15007.0
6024652996 156066156 1688.0
5291272246 947574132 9.0
5291272246 156071965 53.0
5291272246 947574097 466.0
947037122 155961037 817.0
947037401 947037707 8917.0
947037524 947037489 545.0
947573706 5291272222 6834.0
5291272222 947037401 534.0
5291272222 947574032 620.0
947573712 947573965 857.0
947573712 947573965 874.0
947573965 947601704 8982.0
947573793 947573817 9691.0
947573817 947573706 765.0
947573817 947573706 747.0
947601704 947601697 826.0
947601704 947601491 451.0
947574022 947573712 9795.0
947574032 947574066 8.0
947574066 947574032 8.0
947574066 947574132 250.0
947574066 947037401 474.0
947574132 5291272246 9.0
947574132 947574066 250.0
947574097 947574150 6945.0
947574150 947574022 814.0
947574150 947574022 851.0
155055050 6062978177 2080.0
155055050 947601627 2253.0
155055050 947601491 26983.0
155055050 155019898 17301.0
947601697 947601618 7819.0
947601529 947601656 11817.0
947601656 947601627 444.0
947601656 947601668 878.0
947601537 947601705 1068.0
947601537 947601705 1073.0
947601705 947601550 7839.0
947601550 6654602775 434.0
947601550 155079777 848.0
947601618 947601529 1076.0
947601618 947601529 1051.0
1992939761 1992939793 114.0
1992939761 155059322 18634.0
1992939793 1992939761 114.0
1992939793 1992939761 100.0
1992939793 3038305947 25938.0
155059322 155027467 2641.0
155059322 1992939761 18634.0
155059322 155684913 24737.0
2876312655 155046277 41.0
155691054 155684904 39281.0
155691054 3202594510 33256.0
4266673031 4266673034 32.0
155684904 155691054 39281.0
155684904 155687789 951.0
155684904 155684913 199.0
155687789 155684913 909.0
155687789 155684904 951.0
155684913 155687789 909.0
155684913 155684904 199.0
155684913 155059322 24737.0
87626450 703644616 10526.0
703644616 703644631 580.0
703644616 703644618 140.0
87626556 703644709 443.0
87626556 703644709 417.0
703644709 703644726 2115.0
87626574 703644862 997.0
703644862 1863486507 1956.0
703644862 87626584 503.0
87626584 87626589 802.0
87626589 703645062 325.0
87626589 703645008 222.0
703645008 703645158 3156.0
87626627 703645586 2827.0
703645586 155499400 182.0
703645586 703645584 593.0
87642361 155632172 542.0
87642361 703595381 705.0
155632172 153200523 1120.0
703595381 703595973 5333.0
87642407 87642413 1338.0
87642407 8735322951 609.0
87642413 703595451 822.0
8735322951 87642413 731.0
8735322951 4712605968 65.0
703595451 703595754 304.0
703595451 703595834 704.0
153134989 155635202 553.0
153134989 156068497 31989.0
155635202 153197919 6.0
156068497 153134989 31989.0
156068497 2078246590 2722.0
156068497 2078295930 3281.0
153192698 155635166 371.0
153192698 155628498 3505.0
155635166 469491287 173.0
155635166 1122966214 136.0
155628498 1231348541 1038.0
155628498 153192698 3505.0
153197919 1122966499 13.0
153197919 155620819 358.0
1122966499 1122966172 6.0
1122966499 471118905 487.0
155620819 469491300 9.0
153200523 7593189335 497.0
153200523 471118905 564.0
7593189335 1122966172 32.0
7593189335 7593189330 81.0
471118905 1123052765 4733.0
153251866 471166829 3329.0
471166829 1124601826 773.0
471166829 471166863 1319.0
155471292 2690726051 34.0
155471292 2690726044 34.0
155471292 2690726061 36.0
2690726051 155471292 34.0
2690726051 156210654 39630.0
2690726051 2690726061 37.0
2690726044 155475031 100.0
2690726061 155471292 36.0
2690726061 2690687071 2940.0
155471299 155504871 123.0
155471299 2690726039 160.0
155504871 155471299 123.0
155504871 155471301 357.0
155504871 1863486642 585.0
2690726039 155471292 79.0
2690726039 2690726044 86.0
155471301 155651539 25488.0
155471301 155471299 241.0
155651539 703595673 311.0
155651539 155471301 25488.0
155475031 2690715167 332.0
155475031 155504871 233.0
2690715167 155475031 332.0
2690715167 2690715168 106.0
1863486642 155504871 585.0
1863486642 1863486619 233.0
155620812 1122966326 548.0
155620812 469491295 682.0
1122966326 155620819 12.0
1122966326 1122966499 357.0
469491295 155621163 681.0
469491300 1122966214 12.0
469491300 153192698 503.0
155621163 703595381 972.0
155621163 155665302 1343.0
155665302 703646039 3926.0
155621268 153251866 756.0
155621268 155626136 511.0
155626136 155648782 4603.0
155626136 155621268 511.0
155626136 1123052930 412.0
155648782 155626136 4603.0
155648782 155648784 91.0
155648782 155657783 316.0
1123052930 155620812 4766.0
155626148 155626136 567.0
155626148 1123052930 693.0
1231348541 155683437 753.0
1231348541 155628498 1043.0
155632417 1430597322 77.0
1430597322 155651539 83.0
469491287 469491295 616.0
1122966214 469491287 75.0
1122966214 1122966326 9.0
155637041 703595855 88.0
155637041 155649163 2606.0
703595855 703595849 15.0
703595855 155637041 88.0
703595855 703595815 701.0
155649163 155637041 2606.0
155649163 155641253 89.0
155640602 155632172 1062.0
155640602 155665302 1220.0
155641253 155649163 89.0
155641253 155649163 72.0
155641253 156218328 47055.0
156218328 155641253 47055.0
156218328 156210656 44.0
156218328 156210654 39.0
155647294 155648784 317.0
155647294 155657783 90.0
155648784 155648788 175.0
155648784 155683434 130.0
155657783 155647294 90.0
155657783 2858104480 2563.0
155648788 1228589286 92.0
155648788 1229440432 2825.0
155683434 155648782 224.0
1228589286 155683437 34.0
1228589286 155648788 92.0
1228589286 1123828208 50.0
1229440432 155648788 2825.0
1229440432 1122151776 287.0
703595673 703595695 11.0
155651554 703595717 204.0
155651554 1123828208 3045.0
703595717 703595674 211.0
703595717 471942078 346.0
1123828208 155651554 3045.0
1123828208 155683437 40.0
2858104480 2796438857 85.0
2858104480 155657783 2563.0
703646039 703646055 886.0
703646039 703646055 855.0
155676919 1122151658 1133.0
155676919 1119958631 178.0
155676919 1229892305 707.0
1122151658 676845757 96.0
1122151658 1122151729 120.0
1122151658 155676919 1133.0
1229892305 1229891824 72.0
1229892305 1229891824 95.0
1229892305 155676919 707.0
155683437 1228589286 34.0
155683437 1123828208 40.0
155683437 155683434 174.0
155683437 1231348541 753.0
155687924 3711078261 39.0
155687924 155689291 40.0
3711078261 155687924 39.0
3711078261 4598804249 1133.0
155689291 3711078273 629.0
3711078273 3711078286 111.0
3711078273 3711078286 176.0
156074969 703644632 16237.0
156074969 155221716 9791.0
156074969 156074885 2670.0
703644632 703644640 69.0
703644632 703644624 203.0
703644632 156074969 16237.0
155221716 155221720 19.0
155221716 156074969 9791.0
155221716 984966408 2452.0
156074885 156059802 76.0
156074885 2078295930 5170.0
156074885 156074969 2670.0
156210654 156210656 46.0
156210654 2690726051 39630.0
156210654 156218328 39.0
1123052765 153251866 547.0
1123052765 155621268 620.0
471942078 87642407 716.0
492069339 2690715168 6519.0
492069339 703644672 46.0
2690715168 2690715167 106.0
2690715168 2690715167 168.0
2690715168 492069339 6519.0
703644672 703644603 13.0
703644672 492069339 46.0
676845757 1122151729 41.0
676845757 3385376265 15.0
676845757 1122151658 96.0
1122151729 1123527425 398.0
3385376265 676845757 15.0
3385376265 1229440432 379.0
676849275 3385368705 11.0
676849275 5694108699 31.0
3385368705 676849275 11.0
3385368705 676849294 125.0
5694108699 5694108704 68.0
676849294 2805213240 77.0
676849294 1123527425 768.0
2805213240 5694108699 143.0
2805213240 676849275 51.0
1123527425 3385376265 435.0
1123527425 676849294 768.0
703595973 703595708 430.0
703595973 471942078 699.0
703595754 703595803 115.0
703595754 703596702 253.0
703595474 155640602 5368.0
703595652 703595672 557.0
703595652 703595474 411.0
703595672 703595673 12.0
703595672 1430597398 82.0
1430597398 1430597322 145.0
1430597398 1430597370 125.0
703595695 703595696 12.0
703595695 703595708 288.0
703595674 703595680 135.0
703595674 703595696 78.0
703595680 703595474 377.0
703595696 703595680 93.0
703595696 703595672 10.0
703595708 703595717 10.0
703595708 155651554 200.0
703595697 703595803 24.0
703595697 703595698 12.0
703595803 703595698 19.0
703595803 703596702 175.0
703595698 703595702 82.0
703595698 703595843 273.0
703595702 703595834 208.0
703595843 703595723 320.0
703595723 703595741 1449.0
703595741 703595743 1060.0
703595741 4712605959 505.0
703595743 703595652 839.0
703596702 703595849 662.0
703595815 703595702 192.0
703595815 703595698 148.0
703595842 703595697 215.0
703595842 703595843 103.0
703595849 703595855 15.0
703595849 5694108703 892.0
5694108703 5694108704 11.0
5694108703 3385368705 98.0
703595853 703595855 100.0
703595853 155637041 169.0
703595882 703595842 592.0
703595882 703595723 448.0
703596806 703596809 129.0
703596809 703595882 5325.0
703596867 703596794 313.0
703596867 703596809 793.0
703644603 703644672 13.0
703644603 703644605 61.0
703644603 703644611 68.0
703644605 703644610 130.0
703644611 703644605 97.0
703644611 703644603 68.0
703644611 703644621 424.0
703644610 704210327 11064.0
704210327 704210706 1120.0
704210327 704210706 1128.0
703644621 703644624 51.0
703644621 703644611 424.0
703644621 703644640 104.0
703644631 87626556 1545.0
703644618 703644621 115.0
703644618 703644640 162.0
703644640 703644632 69.0
703644640 703644621 104.0
703644624 703644631 310.0
703644663 703644671 257.0
703644663 703644610 324.0
703644671 703644672 39.0
703644671 492069339 65.0
703644683 703644697 522.0
703644683 703644697 490.0
703644697 703644663 1206.0
703644726 87626574 413.0
703644726 87626574 419.0
1863486507 1863486544 37.0
703644933 1863486316 759.0
703644933 1863486102 568.0
1863486316 87626584 1428.0
1863486102 703644999 991.0
703644970 703644683 1941.0
703644999 703644970 509.0
703644999 703644970 502.0
703645158 87626627 672.0
703645158 87626627 690.0
703645020 703645022 91.0
703645022 703645029 224.0
703645029 703644933 803.0
703645030 703645036 97.0
703645036 703645008 210.0
703645048 703645036 72.0
703645084 703645093 203.0
703645084 703645029 421.0
703645093 703645117 48.0
703645093 703645097 97.0
703645124 703645022 52.0
703645419 703645446 688.0
703645419 703645446 673.0
703645446 703645084 2863.0
703645568 703645572 165.0
703645572 703645419 2877.0
703645580 703645584 220.0
703645584 703646057 6837.0
703646057 703646082 903.0
703646057 703646082 918.0
703645773 703645779 144.0
703645773 703645572 530.0
703646055 703645773 6923.0
703646082 87642361 4195.0
704210706 704210250 451.0
1122151776 1122151658 141.0
1122151776 676845757 87.0
1122966159 155675547 80.0
1122966159 153134989 357.0
1122966172 155635202 12.0
1122966172 7593189330 65.0
7593189330 1122966159 138.0
1124601484 6027596374 234.0
6027596374 1124602015 59.0
6027596374 5036871745 67.0
1124602015 1124601471 1605.0
1124602015 5036871745 47.0
1124602015 5036871739 72.0
1124601471 471166984 741.0
1124601471 1124601826 283.0
5036871745 2796438851 2076.0
5036871745 1124602015 47.0
5036871739 1124601484 226.0
1229891824 1229892305 95.0
1229891824 2621713757 768.0
2621713757 3711078323 794.0
2621713757 1229891824 768.0
1863486318 1863486316 10.0
1863486318 1863486102 769.0
1863486470 1863486318 615.0
1863486470 1863486507 38.0
1863486544 1863486610 286.0
1863486544 1863486533 34.0
1863486533 1863486470 39.0
1863486610 1863486625 39.0
1863486601 1863486533 287.0
1863486601 1863486610 38.0
1863486625 1863486642 236.0
1863486625 1863486619 32.0
1863486619 1863486601 39.0
3711078323 3711079935 125.0
3711078323 3711079935 186.0
2622593567 8221118439 28.0
8221118439 3070683407 12803.0
8221118439 2690687071 17831.0
8221118439 2622593567 28.0
2690687066 2690687071 42.0
2690687071 2690726061 2940.0
2690687071 8221118439 17831.0
2796438839 4598804249 64.0
2796438839 5864531050 36.0
4598804249 2858104480 175.0
4598804249 3711078261 1133.0
4598804249 5864531050 69.0
5864531050 5864532785 3.0
2796438851 5036871745 2076.0
2796438851 9953963416 45.0
9953963416 2796438839 35.0
2796438857 2858104480 85.0
2796438857 5864531053 39.0
5864531053 5864531054 6.0
3711078250 155689291 48.0
3711078253 3711078257 61.0
3711078253 155687924 39.0
3711078258 3711078261 50.0
3711078286 2621713757 834.0
3711079935 3711078253 660.0
4712605955 703595743 553.0
5694108704 5694108703 11.0
5694108704 703595853 805.0
5864532785 2796438857 40.0
5864532785 5864531053 26.0
5864531054 2796438851 49.0
5864531054 9953963416 34.0
3070683407 8221118439 12803.0
3070683407 2014875973 1882.0
3070683407 155209298 50.0
86576437 704298870 9414.0
704298870 704298871 893.0
704298870 704298871 902.0
86578454 704298802 199.0
704298802 704317354 3948.0
86582321 86583482 222.0
86582321 7676069556 232.0
86583482 86576437 280.0
87302607 704244128 6472.0
704244128 704244146 682.0
704244128 704244134 354.0
87620276 704209289 488.0
87620276 704209361 552.0
704209289 87620292 1841.0
704209361 5204814051 49.0
704209361 5204814052 65.0
87620292 4934952811 847.0
87620292 904894963 989.0
4934952811 2020019597 44.0
4934952811 654580387 30.0
904894963 654580454 509.0
87626422 704210197 713.0
87626422 87626428 648.0
704210197 704210249 11.0
704210197 984962049 1385.0
87626428 704209827 974.0
704209827 87626450 1384.0
704209827 87626450 1335.0
151374446 151374452 175.0
151374446 1351010440 1327.0
151374446 6950195824 21495.0
151374452 151374446 175.0
151374452 1351010440 1250.0
151374452 156070226 19954.0
1351010440 151374452 1250.0
1351010440 1768293956 27642.0
1351010440 151374446 1327.0
6950195824 6950195830 45.0
6950195824 151374446 21495.0
6950195824 156140700 33.0
156070226 2078246573 3884.0
156070226 151374452 19954.0
156070226 156059802 3816.0
151432983 155151124 16481.0
155151124 155192582 4506.0
155151124 704244182 2558.0
155151124 151432983 16481.0
155192582 2020019310 222.0
155192582 155151124 4506.0
155192582 2203505392 1150.0
704244182 704244176 903.0
704244182 704244196 527.0
155156932 654573953 67.0
654573953 654570414 94.0
654573953 155156932 67.0
155161491 2081007398 42.0
155161491 155223430 84.0
155161491 155286893 39229.0
2081007398 155161491 42.0
2081007398 155226712 2138.0
2081007398 155223430 80.0
155223430 155161491 84.0
155223430 155202405 247.0
155223430 2081007398 80.0
155286893 155293141 196.0
155286893 155161491 39229.0
155174915 704244196 171.0
704244196 704244176 364.0
704244196 704244134 193.0
704244196 155174915 171.0
155182277 984962053 162.0
984962053 155182277 162.0
984962053 984962074 33.0
155182939 155221720 6872.0
155182939 654580443 916.0
155221720 155182939 6872.0
155221720 155221716 19.0
654580443 654580454 828.0
654580443 654580389 149.0
155187790 984966436 99.0
984966436 984966404 52.0
984966436 155187790 99.0
155190639 5204814061 38.0
5204814061 704209341 341.0
2020019310 155192582 222.0
2020019310 654579044 136.0
2203505392 3770654763 763.0
2203505392 155192582 1150.0
155192755 704210177 517.0
704210177 704210180 123.0
704210177 704210131 64.0
155202405 7948583866 22.0
155202405 155223430 247.0
7948583866 2203505392 1208.0
155209298 3070683407 50.0
2014875914 654567639 9.0
2014875914 155210744 10215.0
2014875914 2014875765 87.0
2013600116 155210744 37.0
155218009 654573947 47.0
654573947 654573984 180.0
155218013 654573947 49.0
984966408 984966436 45.0
984966408 984966404 63.0
155226650 7948583871 550.0
7948583871 155202405 25.0
7948583871 7948583866 14.0
155226712 654567315 99.0
155226712 2081007398 2138.0
654567315 654567351 620.0
654567315 7952933763 29.0
155282407 704298802 548.0
155282407 471514200 549.0
471514200 155315405 246.0
471514200 86578454 142.0
155300774 155286893 114.0
155300774 155310736 176.0
155310736 155300774 176.0
155310736 3800998577 1505.0
155310736 3779835834 64.0
3800998577 155310736 1505.0
3800998577 3800998504 67.0
155315405 8229177150 250.0
155315405 3800998504 1889.0
3800998504 3800998577 93.0
3800998504 3800998577 67.0
3800998504 155315405 1889.0
156059802 156070226 3816.0
2078246590 156068497 2722.0
2078246590 2078246573 57.0
2078246590 2078246573 47.0
2078295930 156068497 3281.0
2078295930 156074885 5170.0
2078295930 156062791 32.0
2078246573 2078246590 57.0
2078246573 156070226 3884.0
156140700 6950195830 37.0
156140700 6950195828 32.0
156140700 6950195824 33.0
6950195830 704244134 22596.0
6950195830 156140700 37.0
6950195828 6950195824 54.0
6950195828 156140700 32.0
6950195828 3941084727 10590.0
654567209 654567264 400.0
654567209 654567312 872.0
654567264 2014875765 8.0
654567264 654567639 80.0
654567312 654567407 1439.0
2014875765 2014875714 56.0
2014875765 654567312 475.0
654567639 2014875914 9.0
654567639 2014875973 148.0
654567407 654567408 128.0
654567407 654567683 166.0
654567351 654572539 658.0
7952933763 654567351 638.0
7952933763 654567264 26.0
654572539 654572553 106.0
654572539 2014875437 209.0
654567375 2014875714 382.0
654567375 7952933763 393.0
2014875714 654567315 10.0
2014875714 155226712 101.0
654567466 654567375 1662.0
2014875973 2014875914 162.0
2014875973 3070683407 1882.0
654570414 654572555 213.0
654572555 7952933766 5.0
654572555 7952933766 5.0
654572494 654572495 109.0
654572494 654572562 89.0
654572495 654572494 109.0
654572562 654567209 1070.0
654572531 2014875484 53.0
2014875484 654572553 98.0
654572534 654572524 73.0
654572534 654573973 316.0
654573973 654573984 449.0
654573973 654574015 173.0
654572553 654572534 78.0
7952933766 654572494 93.0
7952933766 654572562 120.0
654573984 654575849 195.0
654573948 654573953 68.0
654573948 654570414 107.0
654574015 654574020 17.0
654574015 654574031 38.0
654575849 654575832 333.0
654575849 654575832 240.0
654575797 654575807 232.0
654575797 654575843 72.0
654575807 654575797 232.0
654575843 654573948 787.0
654575832 654579206 948.0
654579206 2020019478 965.0
654579206 2020019354 480.0
654575842 654575843 85.0
654575842 654575797 52.0
654579044 2020019478 506.0
654579044 654579092 118.0
2020019478 654580457 2012.0
654579092 2020019509 9.0
654579064 654579092 443.0
654579064 2020019584 976.0
2020019584 654575842 794.0
2020019509 2020019510 27.0
2020019509 2020019354 118.0
2020019354 654579044 11.0
2020019354 2020019310 136.0
654580352 704209396 105.0
654580352 704209614 109.0
704209396 704209464 270.0
654580387 2020019597 29.0
654580387 654580389 15.0
2020019597 2020019624 247.0
654580394 904894963 981.0
654580454 704209700 1936.0
704209700 704209735 1008.0
704209700 704209735 1000.0
654580456 654579064 2063.0
704209293 5204814062 665.0
704209293 704209341 617.0
5204814062 5204814087 40.0
5204814062 1993274274 49.0
704209341 155151124 751.0
704209319 5204814061 23.0
704209368 704209289 355.0
704209393 704209396 154.0
704209464 704209293 1355.0
704209457 704209464 665.0
704209457 654580352 319.0
704209735 704209804 1435.0
704209702 704209714 1123.0
704209702 704209714 1172.0
704209714 704209457 2501.0
704209804 704210035 209.0
704209804 704209807 768.0
704209807 87626422 783.0
704209957 704209963 199.0
704209957 704209973 733.0
704209973 704209702 1046.0
704209966 704209973 198.0
704210038 704209807 280.0
704210097 704210098 112.0
704210097 704210131 15.0
704210098 1242983299 831.0
704210131 704210139 401.0
704210131 704210180 76.0
704210139 704210171 146.0
704210139 704210149 231.0
704210180 704210279 547.0
704210171 704210197 13.0
704210171 704210149 165.0
704210149 87626428 396.0
704210170 704210171 12.0
704210170 704210097 549.0
704210279 704209957 1352.0
704210249 704210170 15.0
984962049 984962074 49.0
984962049 984962053 45.0
704210214 704210098 146.0
704210214 704210097 96.0
704210250 704210279 1184.0
704210250 704210214 491.0
704244146 87620276 2993.0
704244134 704244146 374.0
704244134 6950195830 22596.0
704244134 704244196 193.0
704244176 704271487 6688.0
704271487 87302607 1408.0
704271487 704271258 2226.0
704271226 704271236 243.0
704271226 87302607 2375.0
704271246 704271258 264.0
704271258 704298913 6927.0
704298913 704298922 696.0
704298913 704298922 708.0
704317354 704317127 382.0
704317354 704317374 494.0
704298814 86582321 420.0
704298814 86576437 908.0
704298871 704271226 6880.0
704298922 155282407 9421.0
704317109 704317127 480.0
704317127 7415468571 8038.0
704317138 704317149 338.0
704317149 704298814 3467.0
704317374 704317375 77.0
704317374 704317381 92.0
984962074 155221720 2686.0
984966404 704210249 1598.0
1242983296 155192755 343.0
1768293956 1351010440 27642.0
2014875445 2014875484 66.0
2020019510 2020019584 483.0
2020019534 2020019510 39.0
2020019624 2689280247 215.0
2020019624 2689280227 140.0
2689280247 155182939 567.0
2689280244 2689280247 88.0
3941084727 155308523 35020.0
3941084727 5967684682 55.0
3941084727 6950195828 10590.0
5967684682 3941084727 55.0
5157728714 155192755 43.0
7676069523 86583482 320.0
7676069568 86578454 363.0
155976480 155963009 21256.0
7711860816 947601593 63742.0
7711860816 155963009 52036.0
947601593 7711860816 63742.0
947601593 947601627 179.0
947601593 947601546 411.0
155019898 155055050 17301.0
155019898 947673281 1314.0
947673281 947673070 197.0
947673281 155019898 1314.0
155027467 2631678660 18.0
155027467 2631678636 405.0
155027467 155059322 2641.0
2631678660 155027467 18.0
2631678636 6062978177 2312.0
2631678636 155027467 405.0
155033631 947673111 700.0
947673111 947673099 3913.0
6062978177 2631678636 2662.0
6062978177 155055050 2080.0
947601627 947601593 179.0
947601627 155055050 2253.0
947601627 947601668 447.0
155080316 155033631 414.0
947601546 947601537 11852.0
947601604 947601593 490.0
947601604 947601546 886.0
947601668 947673235 8561.0
947673235 947673022 831.0
947673235 947673022 825.0
947673022 947673070 9044.0
947673070 155080316 3142.0
947673029 947673153 4954.0
947673153 947673291 962.0
947673153 947673291 965.0
947673099 155019898 487.0
947673099 947673313 2506.0
947673313 947673169 230.0
947673313 947673029 466.0
947673136 947673029 116.0
947673291 947601604 8384.0
155631701 155830583 1093.0
155631701 155830583 1117.0
155830583 155828604 12278.0
155644547 1124601471 12.0
155644547 155660212 44.0
155660212 1124601541 1413.0
1124601541 5036871739 180.0
1124601541 1124602015 149.0
155672295 1842979298 361.0
155672295 1127696651 88.0
1842979298 1360798670 562.0
1127696651 471504266 418.0
155828604 1131904283 936.0
155828604 1131904283 970.0
1131904283 619628559 8378.0
1124601826 471166851 12.0
471166863 471174999 3819.0
471166851 155644547 281.0
471166851 471166863 568.0
471174999 471505106 1177.0
471174999 471505106 1232.0
471166984 155626148 3065.0
471505106 155631701 5859.0
471175424 155672295 425.0
471175424 1842979298 700.0
471504266 1124601866 3950.0
1124601866 471166984 1310.0
1124601866 1124601608 596.0
530772171 530772173 947.0
530772171 530772173 896.0
530772173 1127697328 5953.0
1127697328 471175424 497.0
1127697328 471504266 1362.0
619623821 1131903991 901.0
619623821 1131903991 915.0
1131903991 1131904693 8518.0
619628423 1131904931 646.0
619628423 619628434 354.0
1131904931 619623821 2731.0
619628465 1131904931 346.0
619628559 155873321 1035.0
619628559 155873321 1032.0
619647198 1127696901 11434.0
1127696901 1127697031 856.0
1127696901 530772171 757.0
619724526 1360083286 932.0
619724526 1360798708 819.0
1360083286 1842979289 846.0
1124601608 155660212 54.0
1124601608 155644547 20.0
1131904693 619647198 911.0
1131904693 619647198 919.0
1842979289 155672295 111.0
1842979289 1127696651 168.0
1360798670 1360069548 618.0
1360798670 1360069544 383.0
1360798707 1360083286 649.0
1842979312 1360069544 555.0
155649678 156147757 45127.0
155649678 626351206 18358.0
156147757 156147786 1850.0
156147757 155649678 45127.0
626351206 155649678 18358.0
154752696 154752730 343.0
154752730 946852845 5258.0
946852845 946852972 402.0
946852845 946852810 792.0
154752792 154753603 1817.0
154753603 154753594 375.0
154753603 154763217 454.0
154752990 946821132 11.0
154752990 7081637821 85.0
154752990 946822289 507.0
946821132 154752990 11.0
946821132 154766721 131.0
7081637821 154812926 68.0
7081637821 154752990 85.0
946822289 154764571 11650.0
154753594 5316800344 60.0
154753594 154775311 126.0
5316800344 5316800335 6.0
5316800344 154775311 89.0
154775311 5316800344 89.0
154775311 154814172 75.0
154763217 154832775 2706.0
154753899 154841158 41.0
154753899 4591252183 90.0
154841158 154772241 258.0
4591252183 154753976 90.0
4591252183 154841150 292.0
154753923 154753899 518.0
154753923 154753947 713.0
154753947 154766804 4966.0
154766804 154766776 445.0
154766804 154752730 365.0
154753976 154753947 407.0
154753976 154841158 217.0
154756017 638967893 235.0
154756017 1840739199 162.0
638967893 638967882 471.0
1840739199 1840739203 44.0
154756347 154757756 524.0
154757756 154757758 55.0
154757756 7251468518 30.0
154756691 5305567082 215.0
154756691 6545366620 2887.0
5305567082 154836312 70.0
5305567082 154779389 277.0
6545366620 6545366588 350.0
6545366620 154756691 2887.0
154757758 154778015 111.0
154757758 154777851 176.0
154778015 1242813346 9224.0
154778015 154777966 3369.0
154778015 154757758 111.0
154777851 154756347 686.0
154777851 154757758 176.0
154777851 5298584623 399.0
154758823 154814259 150.0
154758823 154766757 120.0
154814259 154782813 153.0
154814259 154793452 615.0
154814259 154777786 155.0
154766757 154793452 686.0
154766757 154801466 258.0
154758862 154801461 393.0
154758862 154758855 187.0
154758862 154801466 189.0
154801461 154801466 323.0
154801461 154801480 709.0
154801461 154758862 393.0
154801466 154766757 258.0
154801466 154801461 323.0
154762535 638967905 327.0
154762535 5966787076 430.0
638967905 638967888 269.0
5966787076 395042372 7805.0
154763184 154763202 130.0
154763184 5316800335 103.0
154763184 5316800394 248.0
154763202 154763217 234.0
5316800335 5316800344 6.0
5316800335 154763202 70.0
5316800335 154763184 103.0
5316800394 154763184 248.0
5316800394 154769084 66.0
154832775 946883580 207.0
154832775 946883442 737.0
154763442 154763456 366.0
154763442 154763472 825.0
154763456 946822339 116.0
154763456 5874333647 77.0
154763472 946852921 1802.0
5874333647 946821756 28.0
946852921 5921712631 441.0
946852921 946852951 852.0
154764571 154833326 1028.0
154764571 154833326 1030.0
154765218 154769086 123.0
154765218 154777788 3304.0
154765218 7078445466 55.0
154769086 154769089 330.0
154777788 154777807 1528.0
154777788 154765218 3304.0
154777788 154782813 155.0
7078445466 154769084 40.0
7078445466 154765218 55.0
154765228 7078445466 66.0
154765228 154769084 57.0
154769084 7078445466 40.0
154769084 5316800394 66.0
154769084 154769086 51.0
154765243 154769109 936.0
154765243 154765228 279.0
154769109 154762535 2063.0
154765439 638967905 618.0
154765439 154752792 384.0
154766458 154776865 2984.0
154766458 154812926 255.0
154766458 154766460 207.0
154776865 10082894476 190.0
154776865 154766458 2984.0
154776865 6063927568 2360.0
154812926 7081637821 68.0
154812926 154766458 255.0
154812926 7081637811 77.0
154766460 154766458 207.0
154766680 946822289 282.0
154766680 154766706 286.0
154766706 154766721 236.0
154766706 946821132 177.0
154766721 946821756 116.0
154766721 946821132 131.0
946821756 5874333647 19.0
946821756 946821564 110.0
946821756 154766721 116.0
154793452 154777775 153.0
154793452 154814259 615.0
154793452 154766757 686.0
154793452 154767479 2353.0
154766776 6545366596 127.0
154766776 6545366600 183.0
6545366596 6545366600 120.0
6545366600 154828203 66.0
154767479 154767493 182.0
154767479 154767505 138.0
154767493 2303848684 129.0
154767493 638967893 370.0
154767505 2303848682 37.0
154767505 1840739199 133.0
2303848684 154767505 48.0
2303848684 2303848682 76.0
2303848682 4676929610 181.0
154767893 154766680 518.0
154767893 946821850 383.0
946821850 154766460 104.0
946821850 946821567 173.0
154768106 154841187 2217.0
154841187 154777807 1910.0
154841187 5574866694 2233.0
154768124 154768106 168.0
154768124 154772241 104.0
154772241 4591252412 16.0
154772241 154768106 79.0
154768205 154768236 390.0
154768205 154770052 271.0
154768236 154768247 136.0
154768236 154773268 246.0
154770052 5574866663 5279.0
154768247 6545366588 12.0
154768247 154773268 183.0
154773268 6545366620 167.0
6545366588 6545366610 8.0
154769089 154769109 241.0
154769089 5316800409 327.0
5316800409 154769084 50.0
5316800409 5316800394 71.0
154769651 154777775 2219.0
154777775 154777786 614.0
154777775 154793452 153.0
5574866663 154768124 524.0
5574866663 154772276 1265.0
154770068 154770052 345.0
154770069 154768247 8.0
154770069 154770068 71.0
154770151 638967882 253.0
638967882 638967904 307.0
4591252412 5574866699 31.0
4591252412 154753899 294.0
154772276 154765243 3261.0
154773320 154770068 129.0
154773320 154770069 93.0
154814172 1438425834 761.0
154814172 154775311 75.0
10082894476 154843543 123.0
6063927568 6063927562 390.0
6063927568 154776865 2360.0
154777786 154777788 152.0
154777807 154777851 3369.0
154777807 154841187 1910.0
154777807 154777966 286.0
154782813 154814259 153.0
154782813 154758862 202.0
154782813 154758855 219.0
154777966 154801480 544.0
154777966 154777807 286.0
5298584623 154777851 399.0
5298584623 154779389 1059.0
154801480 2873505506 51.0
154801480 154801461 709.0
1242813346 154778015 9224.0
154779389 5298584623 1056.0
154779389 5305567082 277.0
154813308 4676929615 1111.0
154813308 5938020857 358.0
4676929615 154756017 35.0
4676929615 154813308 1111.0
5938020857 4676927419 122.0
5938020857 4676927419 99.0
1438425834 156147786 46433.0
1438425834 154814172 758.0
154828203 7082726434 1961.0
154828203 154773320 477.0
7082726434 6063927562 48.0
7082726434 154775414 175.0
7082726434 154828203 1961.0
946883442 154753923 715.0
154836312 154756691 153.0
154836312 154872530 215.0
154841150 4591252414 47.0
154841150 155347563 29265.0
4591252414 154753976 158.0
5574866694 5574866699 93.0
5574866694 4591252412 81.0
154843176 154843543 18.0
154843176 946853013 21.0
154843543 946852810 344.0
946853013 10082894475 169.0
946852810 154767893 1930.0
154868910 4591252414 114.0
156117220 156147786 10772.0
156147786 156117220 10772.0
156147786 1438425834 46433.0
156147786 156147757 1850.0
156122273 1840739195 13.0
156122273 156144138 83.0
1840739195 1840739192 42.0
156144138 156148900 1090.0
156144138 1840739197 41.0
156125704 626325821 706.0
156125704 626325821 714.0
626325821 154765439 8110.0
156148900 2405613569 3596.0
156148900 156144138 1090.0
1840739197 1840739195 43.0
1840739197 1840739192 65.0
2405613569 156148900 3596.0
2405613569 154813308 3780.0
395042372 156122273 389.0
395042372 395042367 824.0
638967904 154752792 762.0
638967904 5966787076 308.0
638967888 154770162 327.0
638967888 638967890 545.0
638967890 154769651 224.0
638967890 154767493 370.0
946821564 154763472 289.0
946852972 946853013 61.0
946852972 154843176 49.0
5921712631 946852951 435.0
5921712631 6204770673 75.0
946852951 154768205 4943.0
10082894475 154776865 122.0
946883562 946883442 328.0
1840739192 395042367 441.0
1840739203 154769651 196.0
1840739203 154767479 175.0
4676929610 4676929615 52.0
4676929610 154756017 38.0
5574866699 154772276 605.0
4676927419 2405613569 3324.0
5874333259 5874333265 250.0
5874333265 946821564 43.0
5874333643 5874333265 105.0
6063927553 6063927561 71.0
6063927561 6063927568 240.0
6063927562 7082726434 48.0
6063927562 6063927561 149.0
6545366610 154770069 12.0
6545366610 6545366605 283.0
6545366603 154752696 74.0
6545366603 6545366596 8.0
6545366605 154752696 123.0
6545366605 6545366603 88.0
10082894469 10082894475 29.0
10082894482 10082894476 38.0
528516440 528516672 443.0
528516440 528516441 178.0
491997839 528516672 296.0
528516473 491997839 430.0
528516473 4676936245 441.0
4676936245 528516494 41.0
4676936245 4676936250 69.0
528516492 491997839 518.0
528516494 528516441 23.0
528516494 4676936250 51.0
4676936250 155558298 991.0
1228989075 528516473 836.0
